 9340
010 7872
110 34117
111 34147
112 34174
113 34209
120 35220
121 35260
122 35285
123 35323
124 35344
125 35372
126 35395
127 35420
009 
008 
 62573
250 62670
250 62774
python main 62775
python main 62776
python main 62777
python main 62778
python main 62779
python main 62780
python main 62781
sample00 3735
sample01 3756
sample02 4257
 7872
 6428
 1328
 6764
001 6800
001 5888
001 5368
001 1036
001 6492
001 5400
001 3672
001 6416
001 6728
001 3508
001 692
 6020
001 5812
001 1364
001 2684
001 2648
001 5396
001 5672
001 6360
001 2536
001 6816
001 6392
 4712
1 4720
1 2264
1 2600
1 4200
1 6952
1 7136
1 5680
1 7120
1 804
1 3820
1 5728
1 876
 3164
1 4684
1 6032
1 7096
1 3844
1 3120
1 4296
1 3916
1 6812
1 2040
1 5096
1 6332
 5400
1 4668
1 3200
1 3320
1 1112
1 4004
1 3376
1 3884
1 5184
1 2208
1 4172
1 6628
1 3412
1 3400
1 2192
1 5244
1 3444
1 6844
1 2744
1 3332
1 1580
1 3312
1 3972
1 4804
1 2040
1 764
1 1764
1 5360
1 6964
1 7144
1 5620
1 2068
1 3172
1 3956
1 3712
1 1488
1 4372
1 6524
1 2724
1 1852
1 3720
1 6740
1 3656
1 6728
1 3884
1 3744
1 6808
1 4356
1 4412
1 3868
1 3460
1 6832
1 4136
1 5048
 3384
python main 3380
python main 4572
python main 3896
python main 1184
python main 1340
1 5264
 4168
 6420
 4384
 2816
1 3884
1 2044
1 5868
1 6048
1 5492
1 1248
1 4596
1 6160
1 6924
1 6504
1 3260
1 3400
1 3432
1 3616
1 3292
1 2536
1 4704
1 6924
1 3672
